2.
0.0, 0.6666666666666666, 1.3333333333333333, 2.0, 2.6666666666666665, 3.333333333333333, 4.0, 4.666666666666666, 5.333333333333333, 6.0, 6.666666666666666, 7.333333333333333, 8.0, 8.666666666666666, 9.333333333333332, 10.0, 10.666666666666666, 11.333333333333332, 12.0, 12.666666666666666, 13.333333333333332, 14.0, 14.666666666666666, 15.333333333333332, 16.0, 18.0, 20.0, 22.0, 24.0, 26.0, 28.0, 30.0, 35.0, 40.0, 45.0, 50.0, 55.0, 60.0, 

1.

40.0, 45.0, 50.0, 55.0, 60.0, 65.0, 73.33333333333333, 81.66666666666667, 90.0, 

0.0, 0.6666666666666666, 1.3333333333333333, 2.0, 2.6666666666666665, 3.333333333333333, 4.0, 4.666666666666666, 5.333333333333333, 6.0, 6.666666666666666, 7.333333333333333, 8.0, 8.666666666666666, 9.333333333333332, 10.0, 10.666666666666666, 11.333333333333332, 12.0, 12.666666666666666, 13.333333333333332, 14.0, 14.666666666666666, 15.333333333333332, 16.0, 18.0, 20.0, 22.0, 24.0, 26.0, 28.0, 30.0, 35.0, 


