[0. 0. 0. 0. 0. 0. 0. 0. 0. 0. 0. 0. 0. 0. 0. 0. 0. 0. 0. 0. 0. 0. 0. 0.
 0. 0. 0. 0. 0. 0. 0. 0.],[0.         0.         0.         0.         1.01041293 0.
 0.         0.         0.         0.         0.         0.
 0.         0.         0.         1.77824269 0.         0.
 0.99890542 1.20862071 0.         0.         0.         0.
 0.         0.         0.         0.         0.         0.
 0.         0.        ],[0.00000000e+00 0.00000000e+00 0.00000000e+00 0.00000000e+00
 1.01096465e+00 0.00000000e+00 0.00000000e+00 0.00000000e+00
 0.00000000e+00 0.00000000e+00 5.39261296e-05 2.47066982e-01
 4.10648319e-02 0.00000000e+00 0.00000000e+00 1.78022067e+00
 1.34091372e+00 0.00000000e+00 1.04236565e+00 1.20928066e+00
 8.24018394e-04 0.00000000e+00 7.68997120e-01 0.00000000e+00
 0.00000000e+00 1.12959848e+00 0.00000000e+00 0.00000000e+00
 0.00000000e+00 0.00000000e+00 0.00000000e+00 0.00000000e+00],[0.00000000e+00 0.00000000e+00 0.00000000e+00 0.00000000e+00
 1.01105653e+00 6.20361719e-01 5.09068436e-05 0.00000000e+00
 0.00000000e+00 0.00000000e+00 7.46693801e-04 6.45125840e-01
 6.35579914e-01 0.00000000e+00 0.00000000e+00 1.78055006e+00
 1.68004049e+00 0.00000000e+00 1.04960303e+00 1.20939056e+00
 4.00793694e-01 0.00000000e+00 8.98918193e-01 0.00000000e+00
 0.00000000e+00 1.31770927e+00 3.38233070e-04 0.00000000e+00
 0.00000000e+00 0.00000000e+00 0.00000000e+00 1.32267251e-04],[0.00000000e+00 0.00000000e+00 0.00000000e+00 0.00000000e+00
 1.01109435e+00 8.75881171e-01 1.32851173e-04 5.57465712e-05
 0.00000000e+00 0.00000000e+00 3.16876507e-01 8.09005105e-01
 8.80339433e-01 0.00000000e+00 0.00000000e+00 1.78068567e+00
 1.81977432e+00 0.00000000e+00 1.05258263e+00 1.20943581e+00
 1.01294015e+00 0.00000000e+00 9.52647192e-01 0.00000000e+00
 1.42458780e-03 1.39515375e+00 7.05894234e-01 0.00000000e+00
 0.00000000e+00 0.00000000e+00 0.00000000e+00 1.86721158e-04],[2.29107616e-03 7.61769841e-04 0.00000000e+00 0.00000000e+00
 1.01111499e+00 1.01524495e+00 1.77544722e-04 3.66166433e-01
 0.00000000e+00 0.00000000e+00 5.00525427e-01 8.98387078e-01
 1.01383459e+00 0.00000000e+00 0.00000000e+00 1.78075963e+00
 1.89606188e+00 0.00000000e+00 1.05420775e+00 1.20946048e+00
 1.34685222e+00 0.00000000e+00 9.82028619e-01 0.00000000e+00
 7.58087024e-01 1.43739301e+00 1.09074331e+00 0.00000000e+00
 0.00000000e+00 0.00000000e+00 0.00000000e+00 2.16421057e-04],[2.84617213e-01 1.97630110e-03 0.00000000e+00 0.00000000e+00
 1.01112797e+00 1.10298871e+00 2.05683888e-04 1.24041676e+00
 0.00000000e+00 0.00000000e+00 6.16151232e-01 9.54662184e-01
 1.09788347e+00 3.76528501e-04 0.00000000e+00 1.78080620e+00
 1.94409271e+00 0.00000000e+00 1.05523093e+00 1.20947602e+00
 1.55712236e+00 0.00000000e+00 1.00074163e+00 0.00000000e+00
 1.23448352e+00 1.46398696e+00 1.33304522e+00 0.00000000e+00
 0.00000000e+00 0.00000000e+00 0.00000000e+00 2.35120186e-04],[1.25656239e+00 2.76476531e-03 0.00000000e+00 0.00000000e+00
 1.01113690e+00 1.16331086e+00 2.25029020e-04 1.84222490e+00
 1.90777965e-05 0.00000000e+00 6.95641732e-01 9.93350230e-01
 1.15566544e+00 3.20261942e-03 0.00000000e+00 1.78083821e+00
 1.97711297e+00 0.00000000e+00 1.05593434e+00 1.20948670e+00
 1.70167900e+00 0.00000000e+00 1.01373568e+00 0.00000000e+00
 1.56199689e+00 1.48226978e+00 1.49962309e+00 0.00000000e+00
 0.00000000e+00 0.00000000e+00 0.00000000e+00 2.47975474e-04],[2.00555800e+00 1.43747698e-01 0.00000000e+00 0.00000000e+00
 1.01114342e+00 1.20732884e+00 2.39145458e-04 2.28164984e+00
 2.82668090e-04 0.00000000e+00 7.53647162e-01 1.02158149e+00
 1.19782983e+00 5.00290740e-01 0.00000000e+00 1.78086157e+00
 2.00120836e+00 0.00000000e+00 1.05644763e+00 1.20949450e+00
 1.80716419e+00 0.00000000e+00 1.02321763e+00 0.00000000e+00
 1.80098838e+00 1.49561103e+00 1.62117751e+00 0.00000000e+00
 0.00000000e+00 0.00000000e+00 0.00000000e+00 2.57356174e-04],[2.63811242e+00 2.62812984e-01 0.00000000e+00 0.00000000e+00
 1.01114892e+00 1.24450365e+00 2.46237378e-04 2.65355263e+00
 2.00843196e-03 0.00000000e+00 8.02634887e-01 1.04542382e+00
 1.23344249e+00 1.57751982e+00 0.00000000e+00 1.78088130e+00
 2.02159159e+00 2.49692736e-05 1.05688113e+00 1.20950108e+00
 1.89625032e+00 0.00000000e+00 1.03122549e+00 5.65858978e-05
 2.00283296e+00 1.50688175e+00 1.72383469e+00 0.00000000e+00
 0.00000000e+00 0.00000000e+00 0.00000000e+00 2.60625907e-04],[3.17016920e+00 3.62961668e-01 0.00000000e+00 0.00000000e+00
 1.01115355e+00 1.27577229e+00 2.48458172e-04 2.96696313e+00
 4.81195853e-01 0.00000000e+00 8.43839643e-01 1.06547819e+00
 1.26339971e+00 2.64376602e+00 0.00000000e+00 1.78089789e+00
 2.03899837e+00 4.35525996e-05 1.05724575e+00 1.20950662e+00
 1.97118281e+00 0.00000000e+00 1.03796109e+00 1.76749215e-04
 2.17261508e+00 1.51636456e+00 1.81018212e+00 0.00000000e+00
 0.00000000e+00 0.00000000e+00 0.00000000e+00 8.11778848e-04],[3.61768153e+00 4.47196609e-01 0.00000000e+00 0.00000000e+00
 1.01115745e+00 1.30207230e+00 2.47368044e-04 3.23185769e+00
 1.19186751e+00 0.00000000e+00 8.78496916e-01 1.08234589e+00
 1.28859870e+00 3.54059804e+00 0.00000000e+00 1.78091185e+00
 2.05363920e+00 5.17275881e-02 1.05755243e+00 1.20951127e+00
 2.03420844e+00 0.00000000e+00 1.04362640e+00 3.05899566e-04
 2.31545235e+00 1.52434271e+00 1.88280884e+00 0.00000000e+00
 0.00000000e+00 0.00000000e+00 0.00000000e+00 2.57252508e-01],[3.99490725e+00 5.18201549e-01 0.00000000e+00 0.00000000e+00
 1.01116073e+00 1.32424161e+00 2.56288289e-01 3.45514771e+00
 1.79092055e+00 0.00000000e+00 9.07710892e-01 1.09656434e+00
 1.30985923e+00 4.29658383e+00 1.39015109e-05 1.78092362e+00
 2.06598053e+00 2.11018808e-01 1.05781095e+00 1.20951520e+00
 2.08733522e+00 0.00000000e+00 1.04840191e+00 2.21479914e-01
 2.43587128e+00 1.53106954e+00 1.94402876e+00 0.00000000e+00
 0.00000000e+00 0.00000000e+00 1.42297352e-05 4.73416466e-01],[4.31409711e+00 5.78282438e-01 0.00000000e+00 0.00000000e+00
 1.01116350e+00 1.34300019e+00 4.72937530e-01 3.64408475e+00
 2.29780978e+00 0.00000000e+00 9.32430323e-01 1.10859529e+00
 1.32784885e+00 4.93627068e+00 7.80825133e-05 1.78093357e+00
 2.07642316e+00 3.45803208e-01 1.05802969e+00 1.20951852e+00
 2.13228849e+00 0.00000000e+00 1.05244271e+00 9.77748788e-01
 2.53776386e+00 1.53676286e+00 1.99583005e+00 0.00000000e+00
 0.00000000e+00 0.00000000e+00 2.52197359e-05 6.56323782e-01],[4.58543922e+00 6.29356978e-01 0.00000000e+00 0.00000000e+00
 1.01116586e+00 1.35894679e+00 6.57110242e-01 3.80469942e+00
 2.72871443e+00 3.00093302e-05 9.53444218e-01 1.11882276e+00
 1.34314175e+00 5.48007334e+00 1.30680448e-04 1.78094204e+00
 2.08530039e+00 4.60382925e-01 1.05821564e+00 1.20952135e+00
 2.17050310e+00 0.00000000e+00 1.05587779e+00 2.07553423e+00
 2.62438237e+00 1.54161894e+00 2.03986613e+00 0.00000000e+00
 0.00000000e+00 9.10833068e-02 3.36984745e-05 8.11812609e-01],[4.81728405e+00 6.72996971e-01 0.00000000e+00 0.00000000e+00
 1.01116788e+00 1.37257216e+00 8.14474282e-01 3.94193459e+00
 3.09689545e+00 9.63533124e-05 9.71399275e-01 1.12756149e+00
 1.35620858e+00 5.94472467e+00 1.23126305e-01 1.78094927e+00
 2.09288543e+00 5.58284111e-01 1.05837453e+00 1.20952376e+00
 2.20315509e+00 0.00000000e+00 1.05881284e+00 3.01352309e+00
 2.69839245e+00 1.54576816e+00 2.07749220e+00 0.00000000e+00
 0.00000000e+00 4.46082297e-01 1.23601096e-01 9.44668067e-01],[5.01644170e+00 7.10484280e-01 0.00000000e+00 0.00000000e+00
 1.01116961e+00 1.38427652e+00 9.49651993e-01 4.05982135e+00
 3.41316762e+00 1.87510349e-04 9.86822897e-01 1.13506817e+00
 1.36743316e+00 6.34387115e+00 7.31270375e-01 1.78095548e+00
 2.09940108e+00 6.42382475e-01 1.05851101e+00 1.20952583e+00
 2.23120356e+00 0.00000000e+00 1.06133409e+00 3.81926744e+00
 2.76196805e+00 1.54933239e+00 2.10981347e+00 0.00000000e+00
 0.00000000e+00 7.51032722e-01 2.29747060e-01 1.05879259e+00],