[0.         0.         3.28029841 0.         0.         1.78329652
 1.01718765 2.54398861 0.         0.         1.19516061 0.
 1.01982788 1.40579152 6.11009237 0.         1.11958436 0.
 0.         0.         1.84334753 2.12274153 1.04781041 0.
 1.00049828 1.11106068 3.06280184 3.91554149 0.         5.32163225
 0.         1.09933806],[0.00000000e+00 0.00000000e+00 6.26250174e-03 0.00000000e+00
 0.00000000e+00 4.76635189e-03 1.01718765e+00 4.85679384e-03
 0.00000000e+00 0.00000000e+00 1.19516061e+00 0.00000000e+00
 1.01982788e+00 1.40579152e+00 6.11009237e+00 2.08950076e-02
 2.56491263e-03 0.00000000e+00 0.00000000e+00 1.27877863e+01
 1.84334753e+00 2.12274153e+00 4.80096409e-03 0.00000000e+00
 1.00049828e+00 1.11106068e+00 5.84727346e-03 3.91554149e+00
 0.00000000e+00 5.32163225e+00 0.00000000e+00 1.09933806e+00],[0.00000000e+00 0.00000000e+00 2.86082931e-03 0.00000000e+00
 0.00000000e+00 2.13847832e-03 1.01718765e+00 2.21867534e-03
 0.00000000e+00 0.00000000e+00 1.19516061e+00 0.00000000e+00
 1.01982788e+00 1.40579152e+00 6.11009237e+00 1.19315436e-02
 4.55132463e-01 0.00000000e+00 0.00000000e+00 1.19179663e+01
 1.84334753e+00 2.12274153e+00 4.42860675e-01 0.00000000e+00
 1.00049828e+00 1.11106068e+00 2.67114518e-03 3.91554149e+00
 0.00000000e+00 5.32163225e+00 0.00000000e+00 1.09933806e+00],[0.00000000e+00 0.00000000e+00 2.29435255e-03 0.00000000e+00
 0.00000000e+00 1.70086143e-03 1.01718765e+00 1.77935237e-03
 0.00000000e+00 0.00000000e+00 1.19516061e+00 0.00000000e+00
 1.01982788e+00 1.40579152e+00 6.11009237e+00 1.04388678e-02
 5.30569228e-01 0.00000000e+00 0.00000000e+00 1.17729117e+01
 1.84334753e+00 2.12274153e+00 5.15943527e-01 0.00000000e+00
 1.00049828e+00 1.11106068e+00 2.14222803e-03 3.91554149e+00
 0.00000000e+00 5.32163225e+00 0.00000000e+00 1.09933806e+00],[0.00000000e+00 0.00000000e+00 2.06113629e-03 0.00000000e+00
 0.00000000e+00 1.52069628e-03 1.01718765e+00 1.59848483e-03
 0.00000000e+00 0.00000000e+00 1.19516061e+00 0.00000000e+00
 1.01982788e+00 1.40579152e+00 6.11009237e+00 9.82433910e-03
 5.61575999e-01 0.00000000e+00 0.00000000e+00 1.17132906e+01
 1.84334753e+00 2.12274153e+00 5.45984422e-01 0.00000000e+00
 1.00049828e+00 1.11106068e+00 1.92447492e-03 3.91554149e+00
 0.00000000e+00 5.32163225e+00 0.00000000e+00 1.09933806e+00],[0.00000000e+00 0.00000000e+00 1.93393699e-03 0.00000000e+00
 0.00000000e+00 1.42243176e-03 1.01718765e+00 1.49983723e-03
 0.00000000e+00 0.00000000e+00 1.19516061e+00 1.06218201e-04
 1.01982788e+00 1.40579152e+00 6.11009237e+00 9.80709247e-03
 5.78487512e-01 0.00000000e+00 0.00000000e+00 1.16804182e+01
 1.84334753e+00 2.12274153e+00 5.62405471e-01 0.00000000e+00
 1.00049828e+00 1.11106068e+00 1.69949122e-03 3.91554149e+00
 0.00000000e+00 5.32163225e+00 0.00000000e+00 1.09933806e+00],[0.00000000e+00 0.00000000e+00 1.85385199e-03 0.00000000e+00
 0.00000000e+00 1.36056418e-03 1.01718765e+00 1.43772845e-03
 0.00000000e+00 0.00000000e+00 1.19516061e+00 1.73093438e-04
 1.01982788e+00 1.40579152e+00 6.11009237e+00 9.53718772e-03
 5.89166678e-01 0.00000000e+00 0.00000000e+00 1.16600082e+01
 1.84334753e+00 2.12274153e+00 5.72684987e-01 0.00000000e+00
 1.00049828e+00 1.11106068e+00 1.55784094e-03 3.91554149e+00
 0.00000000e+00 5.32163225e+00 0.00000000e+00 1.09933806e+00],[0.00000000e+00 0.00000000e+00 1.79879511e-03 0.00000000e+00
 0.00000000e+00 1.31803142e-03 1.01718765e+00 1.39502988e-03
 0.00000000e+00 0.00000000e+00 1.19516061e+00 1.46045912e-04
 1.01982788e+00 1.40579152e+00 6.11009237e+00 9.35163344e-03
 5.96508398e-01 0.00000000e+00 0.00000000e+00 1.16459268e+01
 1.84334753e+00 2.12274153e+00 5.79801919e-01 0.00000000e+00
 1.00049828e+00 1.11106068e+00 1.53348207e-03 3.91554149e+00
 0.00000000e+00 5.32163225e+00 0.00000000e+00 1.09933806e+00],[0.00000000e+00 0.00000000e+00 1.75861927e-03 0.00000000e+00
 0.00000000e+00 1.28121491e-03 1.01718765e+00 1.36387207e-03
 0.00000000e+00 0.00000000e+00 1.19516061e+00 1.89463379e-04
 1.01982788e+00 1.40579152e+00 6.11009237e+00 9.22201135e-03
 6.01865763e-01 0.00000000e+00 0.00000000e+00 1.16356298e+01
 1.84334753e+00 2.12274153e+00 5.85016858e-01 0.00000000e+00
 1.00049828e+00 1.11106068e+00 1.45255258e-03 3.91554149e+00
 0.00000000e+00 5.32163225e+00 0.00000000e+00 1.09933806e+00],[0.00000000e+00 0.00000000e+00 1.70267861e-03 0.00000000e+00
 0.00000000e+00 1.26671315e-03 1.01718765e+00 1.32048809e-03
 0.00000000e+00 0.00000000e+00 1.19516061e+00 1.64460453e-04
 1.01982788e+00 1.40579152e+00 6.11009237e+00 8.98449811e-03
 6.13476923e-01 0.00000000e+00 0.00000000e+00 1.16137981e+01
 1.84334753e+00 2.12274153e+00 5.95640930e-01 0.00000000e+00
 1.00049828e+00 1.11106068e+00 1.42532393e-03 3.91554149e+00
 0.00000000e+00 5.32163225e+00 0.00000000e+00 1.09933806e+00],[0.00000000e+00 0.00000000e+00 1.63856185e-03 0.00000000e+00
 0.00000000e+00 1.23954057e-03 1.01718765e+00 1.27076325e-03
 0.00000000e+00 0.00000000e+00 1.19516061e+00 1.91239851e-04
 1.01982788e+00 1.40579152e+00 6.11009237e+00 8.68983070e-03
 6.28737270e-01 0.00000000e+00 0.00000000e+00 1.15851771e+01
 1.84334753e+00 2.12274153e+00 6.09497163e-01 0.00000000e+00
 1.00049828e+00 1.11106068e+00 1.33867896e-03 3.91554149e+00
 0.00000000e+00 5.32163225e+00 0.00000000e+00 1.09933806e+00],[0.00000000e+00 0.00000000e+00 1.57115314e-03 0.00000000e+00
 0.00000000e+00 1.18428763e-03 1.01718765e+00 1.21848539e-03
 0.00000000e+00 0.00000000e+00 1.19516061e+00 1.67654807e-04
 1.01982788e+00 1.40579152e+00 6.11009237e+00 8.49247812e-03
 6.45912877e-01 0.00000000e+00 0.00000000e+00 1.15529385e+01
 1.84334753e+00 2.12274153e+00 6.24995381e-01 0.00000000e+00
 1.00049828e+00 1.11106068e+00 1.29932475e-03 3.91554149e+00
 0.00000000e+00 5.32163225e+00 0.00000000e+00 1.09933806e+00],[0.00000000e+00 0.00000000e+00 1.50354429e-03 0.00000000e+00
 0.00000000e+00 1.14802266e-03 1.01718765e+00 1.16605232e-03
 0.00000000e+00 0.00000000e+00 1.19516061e+00 1.47774047e-04
 1.01982788e+00 1.40579152e+00 6.11009237e+00 8.25608538e-03
 6.63864033e-01 0.00000000e+00 0.00000000e+00 1.15193158e+01
 1.84334753e+00 2.12274153e+00 6.41122717e-01 0.00000000e+00
 1.00049828e+00 1.11106068e+00 1.25607940e-03 3.91554149e+00
 0.00000000e+00 5.32163225e+00 0.00000000e+00 1.09933806e+00],[0.00000000e+00 0.00000000e+00 1.43757399e-03 0.00000000e+00
 0.00000000e+00 8.35600424e-03 1.01718765e+00 1.11488999e-03
 0.00000000e+00 0.00000000e+00 1.19516061e+00 1.30951925e-04
 1.01982788e+00 1.40579152e+00 6.11009237e+00 7.90117880e-03
 6.81862838e-01 0.00000000e+00 0.00000000e+00 1.14784521e+01
 1.84334753e+00 2.12274153e+00 6.57313295e-01 0.00000000e+00
 1.00049828e+00 1.11106068e+00 1.21130531e-03 3.91554149e+00
 0.00000000e+00 5.32163225e+00 0.00000000e+00 1.09933806e+00],[0.00000000e+00 0.00000000e+00 1.37428712e-03 0.00000000e+00
 0.00000000e+00 2.78872923e-02 1.01718765e+00 1.06580876e-03
 0.00000000e+00 0.00000000e+00 1.19516061e+00 1.16651502e-04
 1.01982788e+00 1.40579152e+00 6.11009237e+00 7.55940364e-03
 6.99505700e-01 0.00000000e+00 0.00000000e+00 1.14259853e+01
 1.84334753e+00 2.12274153e+00 6.73119220e-01 0.00000000e+00
 1.00049828e+00 1.11106068e+00 1.16651502e-03 3.91554149e+00
 0.00000000e+00 5.32163225e+00 0.00000000e+00 1.09933806e+00],[0.00000000e+00 0.00000000e+00 1.31422212e-03 0.00000000e+00
 0.00000000e+00 5.57312707e-02 1.01718765e+00 1.01922621e-03
 0.00000000e+00 0.00000000e+00 1.19516061e+00 1.04432687e-04
 1.01982788e+00 1.40579152e+00 6.11009237e+00 7.23406670e-03
 7.16498871e-01 0.00000000e+00 0.00000000e+00 1.13664153e+01
 1.84334753e+00 2.12274153e+00 6.88340130e-01 0.00000000e+00
 1.00049828e+00 1.11106068e+00 1.12265138e-03 3.91554149e+00
 0.00000000e+00 5.32163225e+00 0.00000000e+00 1.09933806e+00],[0.00000000e+00 0.00000000e+00 1.25759025e-03 0.00000000e+00
 0.00000000e+00 8.90036714e-02 1.01718765e+00 9.75306170e-04
 0.00000000e+00 0.00000000e+00 1.19516061e+00 9.39365691e-05
 1.01982788e+00 1.40579152e+00 6.11009237e+00 6.92659759e-03
 7.32717403e-01 0.00000000e+00 0.00000000e+00 1.13028681e+01
 1.84334753e+00 2.12274153e+00 7.02857278e-01 0.00000000e+00
 1.00049828e+00 1.11106068e+00 1.08027055e-03 3.91554149e+00
 0.00000000e+00 5.32163225e+00 0.00000000e+00 1.09933806e+00],X: [ 0.  5. 10. 15. 20. 25. 30. 35. 40. 45. 50. 55. 60. 65. 70. 75. 80.]Y: [1.4650311468697121, 6.408485689181946, 8.67622310426176, 10.195500138192802, 11.356599567062368, 12.228344814745409, 12.921329162892693, 13.510580054975204, 14.060627250871878, 14.638069191305952, 15.206642784130782, 15.747693072100208, 16.246760851453566, 16.69857019768724, 17.129372071879438, 17.590282701168476, 18.04213528537636]BR: [1.4650311468697121, 7.324521002155105, 8.54581799519411, 9.109712118146337, 9.670195496455722, 10.432182070548055, 11.720352984505904, 12.432866748872076, 13.083528114216435, 13.484452563924407, 13.809915746117387, 14.502110154252215, 15.933131254163712, 16.551212192664256, 18.029443686951552, 18.115526582016486, 18.201609477081423]X_A: [array([0., 0., 0., 0., 0., 0., 0., 0., 0., 0., 0., 0., 0., 0., 0., 0., 0.,
       0., 0., 0., 0., 0., 0., 0., 0., 0., 0., 0., 0., 0., 0., 0.]), array([0.        , 0.        , 0.        , 0.        , 1.01041293,
       0.        , 0.        , 0.        , 0.        , 0.        ,
       0.        , 0.        , 0.        , 0.        , 0.        ,
       1.77824269, 0.        , 0.        , 0.99890542, 1.20862071,
       0.        , 0.        , 0.        , 0.        , 0.        ,
       0.        , 0.        , 0.        , 0.        , 0.        ,
       0.        , 0.        ]), array([0.00000000e+00, 0.00000000e+00, 0.00000000e+00, 0.00000000e+00,
       1.01096465e+00, 0.00000000e+00, 0.00000000e+00, 0.00000000e+00,
       0.00000000e+00, 0.00000000e+00, 5.39261296e-05, 2.47066982e-01,
       4.10648319e-02, 0.00000000e+00, 0.00000000e+00, 1.78022067e+00,
       1.34091372e+00, 0.00000000e+00, 1.04236565e+00, 1.20928066e+00,
       8.24018394e-04, 0.00000000e+00, 7.68997120e-01, 0.00000000e+00,
       0.00000000e+00, 1.12959848e+00, 0.00000000e+00, 0.00000000e+00,
       0.00000000e+00, 0.00000000e+00, 0.00000000e+00, 0.00000000e+00]), array([0.00000000e+00, 0.00000000e+00, 0.00000000e+00, 0.00000000e+00,
       1.01105653e+00, 6.20361719e-01, 5.09068436e-05, 0.00000000e+00,
       0.00000000e+00, 0.00000000e+00, 7.46693801e-04, 6.45125840e-01,
       6.35579914e-01, 0.00000000e+00, 0.00000000e+00, 1.78055006e+00,
       1.68004049e+00, 0.00000000e+00, 1.04960303e+00, 1.20939056e+00,
       4.00793694e-01, 0.00000000e+00, 8.98918193e-01, 0.00000000e+00,
       0.00000000e+00, 1.31770927e+00, 3.38233070e-04, 0.00000000e+00,
       0.00000000e+00, 0.00000000e+00, 0.00000000e+00, 1.32267251e-04]), array([0.00000000e+00, 0.00000000e+00, 0.00000000e+00, 0.00000000e+00,
       1.01109435e+00, 8.75881171e-01, 1.32851173e-04, 5.57465712e-05,
       0.00000000e+00, 0.00000000e+00, 3.16876507e-01, 8.09005105e-01,
       8.80339433e-01, 0.00000000e+00, 0.00000000e+00, 1.78068567e+00,
       1.81977432e+00, 0.00000000e+00, 1.05258263e+00, 1.20943581e+00,
       1.01294015e+00, 0.00000000e+00, 9.52647192e-01, 0.00000000e+00,
       1.42458780e-03, 1.39515375e+00, 7.05894234e-01, 0.00000000e+00,
       0.00000000e+00, 0.00000000e+00, 0.00000000e+00, 1.86721158e-04]), array([2.29107616e-03, 7.61769841e-04, 0.00000000e+00, 0.00000000e+00,
       1.01111499e+00, 1.01524495e+00, 1.77544722e-04, 3.66166433e-01,
       0.00000000e+00, 0.00000000e+00, 5.00525427e-01, 8.98387078e-01,
       1.01383459e+00, 0.00000000e+00, 0.00000000e+00, 1.78075963e+00,
       1.89606188e+00, 0.00000000e+00, 1.05420775e+00, 1.20946048e+00,
       1.34685222e+00, 0.00000000e+00, 9.82028619e-01, 0.00000000e+00,
       7.58087024e-01, 1.43739301e+00, 1.09074331e+00, 0.00000000e+00,
       0.00000000e+00, 0.00000000e+00, 0.00000000e+00, 2.16421057e-04]), array([2.84617213e-01, 1.97630110e-03, 0.00000000e+00, 0.00000000e+00,
       1.01112797e+00, 1.10298871e+00, 2.05683888e-04, 1.24041676e+00,
       0.00000000e+00, 0.00000000e+00, 6.16151232e-01, 9.54662184e-01,
       1.09788347e+00, 3.76528501e-04, 0.00000000e+00, 1.78080620e+00,
       1.94409271e+00, 0.00000000e+00, 1.05523093e+00, 1.20947602e+00,
       1.55712236e+00, 0.00000000e+00, 1.00074163e+00, 0.00000000e+00,
       1.23448352e+00, 1.46398696e+00, 1.33304522e+00, 0.00000000e+00,
       0.00000000e+00, 0.00000000e+00, 0.00000000e+00, 2.35120186e-04]), array([1.25656239e+00, 2.76476531e-03, 0.00000000e+00, 0.00000000e+00,
       1.01113690e+00, 1.16331086e+00, 2.25029020e-04, 1.84222490e+00,
       1.90777965e-05, 0.00000000e+00, 6.95641732e-01, 9.93350230e-01,
       1.15566544e+00, 3.20261942e-03, 0.00000000e+00, 1.78083821e+00,
       1.97711297e+00, 0.00000000e+00, 1.05593434e+00, 1.20948670e+00,
       1.70167900e+00, 0.00000000e+00, 1.01373568e+00, 0.00000000e+00,
       1.56199689e+00, 1.48226978e+00, 1.49962309e+00, 0.00000000e+00,
       0.00000000e+00, 0.00000000e+00, 0.00000000e+00, 2.47975474e-04]), array([2.00555800e+00, 1.43747698e-01, 0.00000000e+00, 0.00000000e+00,
       1.01114342e+00, 1.20732884e+00, 2.39145458e-04, 2.28164984e+00,
       2.82668090e-04, 0.00000000e+00, 7.53647162e-01, 1.02158149e+00,
       1.19782983e+00, 5.00290740e-01, 0.00000000e+00, 1.78086157e+00,
       2.00120836e+00, 0.00000000e+00, 1.05644763e+00, 1.20949450e+00,
       1.80716419e+00, 0.00000000e+00, 1.02321763e+00, 0.00000000e+00,
       1.80098838e+00, 1.49561103e+00, 1.62117751e+00, 0.00000000e+00,
       0.00000000e+00, 0.00000000e+00, 0.00000000e+00, 2.57356174e-04]), array([2.63811242e+00, 2.62812984e-01, 0.00000000e+00, 0.00000000e+00,
       1.01114892e+00, 1.24450365e+00, 2.46237378e-04, 2.65355263e+00,
       2.00843196e-03, 0.00000000e+00, 8.02634887e-01, 1.04542382e+00,
       1.23344249e+00, 1.57751982e+00, 0.00000000e+00, 1.78088130e+00,
       2.02159159e+00, 2.49692736e-05, 1.05688113e+00, 1.20950108e+00,
       1.89625032e+00, 0.00000000e+00, 1.03122549e+00, 5.65858978e-05,
       2.00283296e+00, 1.50688175e+00, 1.72383469e+00, 0.00000000e+00,
       0.00000000e+00, 0.00000000e+00, 0.00000000e+00, 2.60625907e-04]), array([3.17016920e+00, 3.62961668e-01, 0.00000000e+00, 0.00000000e+00,
       1.01115355e+00, 1.27577229e+00, 2.48458172e-04, 2.96696313e+00,
       4.81195853e-01, 0.00000000e+00, 8.43839643e-01, 1.06547819e+00,
       1.26339971e+00, 2.64376602e+00, 0.00000000e+00, 1.78089789e+00,
       2.03899837e+00, 4.35525996e-05, 1.05724575e+00, 1.20950662e+00,
       1.97118281e+00, 0.00000000e+00, 1.03796109e+00, 1.76749215e-04,
       2.17261508e+00, 1.51636456e+00, 1.81018212e+00, 0.00000000e+00,
       0.00000000e+00, 0.00000000e+00, 0.00000000e+00, 8.11778848e-04]), array([3.61768153e+00, 4.47196609e-01, 0.00000000e+00, 0.00000000e+00,
       1.01115745e+00, 1.30207230e+00, 2.47368044e-04, 3.23185769e+00,
       1.19186751e+00, 0.00000000e+00, 8.78496916e-01, 1.08234589e+00,
       1.28859870e+00, 3.54059804e+00, 0.00000000e+00, 1.78091185e+00,
       2.05363920e+00, 5.17275881e-02, 1.05755243e+00, 1.20951127e+00,
       2.03420844e+00, 0.00000000e+00, 1.04362640e+00, 3.05899566e-04,
       2.31545235e+00, 1.52434271e+00, 1.88280884e+00, 0.00000000e+00,
       0.00000000e+00, 0.00000000e+00, 0.00000000e+00, 2.57252508e-01]), array([3.99490725e+00, 5.18201549e-01, 0.00000000e+00, 0.00000000e+00,
       1.01116073e+00, 1.32424161e+00, 2.56288289e-01, 3.45514771e+00,
       1.79092055e+00, 0.00000000e+00, 9.07710892e-01, 1.09656434e+00,
       1.30985923e+00, 4.29658383e+00, 1.39015109e-05, 1.78092362e+00,
       2.06598053e+00, 2.11018808e-01, 1.05781095e+00, 1.20951520e+00,
       2.08733522e+00, 0.00000000e+00, 1.04840191e+00, 2.21479914e-01,
       2.43587128e+00, 1.53106954e+00, 1.94402876e+00, 0.00000000e+00,
       0.00000000e+00, 0.00000000e+00, 1.42297352e-05, 4.73416466e-01]), array([4.31409711e+00, 5.78282438e-01, 0.00000000e+00, 0.00000000e+00,
       1.01116350e+00, 1.34300019e+00, 4.72937530e-01, 3.64408475e+00,
       2.29780978e+00, 0.00000000e+00, 9.32430323e-01, 1.10859529e+00,
       1.32784885e+00, 4.93627068e+00, 7.80825133e-05, 1.78093357e+00,
       2.07642316e+00, 3.45803208e-01, 1.05802969e+00, 1.20951852e+00,
       2.13228849e+00, 0.00000000e+00, 1.05244271e+00, 9.77748788e-01,
       2.53776386e+00, 1.53676286e+00, 1.99583005e+00, 0.00000000e+00,
       0.00000000e+00, 0.00000000e+00, 2.52197359e-05, 6.56323782e-01]), array([4.58543922e+00, 6.29356978e-01, 0.00000000e+00, 0.00000000e+00,
       1.01116586e+00, 1.35894679e+00, 6.57110242e-01, 3.80469942e+00,
       2.72871443e+00, 3.00093302e-05, 9.53444218e-01, 1.11882276e+00,
       1.34314175e+00, 5.48007334e+00, 1.30680448e-04, 1.78094204e+00,
       2.08530039e+00, 4.60382925e-01, 1.05821564e+00, 1.20952135e+00,
       2.17050310e+00, 0.00000000e+00, 1.05587779e+00, 2.07553423e+00,
       2.62438237e+00, 1.54161894e+00, 2.03986613e+00, 0.00000000e+00,
       0.00000000e+00, 9.10833068e-02, 3.36984745e-05, 8.11812609e-01]), array([4.81728405e+00, 6.72996971e-01, 0.00000000e+00, 0.00000000e+00,
       1.01116788e+00, 1.37257216e+00, 8.14474282e-01, 3.94193459e+00,
       3.09689545e+00, 9.63533124e-05, 9.71399275e-01, 1.12756149e+00,
       1.35620858e+00, 5.94472467e+00, 1.23126305e-01, 1.78094927e+00,
       2.09288543e+00, 5.58284111e-01, 1.05837453e+00, 1.20952376e+00,
       2.20315509e+00, 0.00000000e+00, 1.05881284e+00, 3.01352309e+00,
       2.69839245e+00, 1.54576816e+00, 2.07749220e+00, 0.00000000e+00,
       0.00000000e+00, 4.46082297e-01, 1.23601096e-01, 9.44668067e-01]), array([5.01644170e+00, 7.10484280e-01, 0.00000000e+00, 0.00000000e+00,
       1.01116961e+00, 1.38427652e+00, 9.49651993e-01, 4.05982135e+00,
       3.41316762e+00, 1.87510349e-04, 9.86822897e-01, 1.13506817e+00,
       1.36743316e+00, 6.34387115e+00, 7.31270375e-01, 1.78095548e+00,
       2.09940108e+00, 6.42382475e-01, 1.05851101e+00, 1.20952583e+00,
       2.23120356e+00, 0.00000000e+00, 1.06133409e+00, 3.81926744e+00,
       2.76196805e+00, 1.54933239e+00, 2.10981347e+00, 0.00000000e+00,
       0.00000000e+00, 7.51032722e-01, 2.29747060e-01, 1.05879259e+00])]X_B: [array([0.        , 0.        , 3.28029841, 0.        , 0.        ,
       1.78329652, 1.01718765, 2.54398861, 0.        , 0.        ,
       1.19516061, 0.        , 1.01982788, 1.40579152, 6.11009237,
       0.        , 1.11958436, 0.        , 0.        , 0.        ,
       1.84334753, 2.12274153, 1.04781041, 0.        , 1.00049828,
       1.11106068, 3.06280184, 3.91554149, 0.        , 5.32163225,
       0.        , 1.09933806]), array([0.00000000e+00, 0.00000000e+00, 6.26250174e-03, 0.00000000e+00,
       0.00000000e+00, 4.76635189e-03, 1.01718765e+00, 4.85679384e-03,
       0.00000000e+00, 0.00000000e+00, 1.19516061e+00, 0.00000000e+00,
       1.01982788e+00, 1.40579152e+00, 6.11009237e+00, 2.08950076e-02,
       2.56491263e-03, 0.00000000e+00, 0.00000000e+00, 1.27877863e+01,
       1.84334753e+00, 2.12274153e+00, 4.80096409e-03, 0.00000000e+00,
       1.00049828e+00, 1.11106068e+00, 5.84727346e-03, 3.91554149e+00,
       0.00000000e+00, 5.32163225e+00, 0.00000000e+00, 1.09933806e+00]), array([0.00000000e+00, 0.00000000e+00, 2.86082931e-03, 0.00000000e+00,
       0.00000000e+00, 2.13847832e-03, 1.01718765e+00, 2.21867534e-03,
       0.00000000e+00, 0.00000000e+00, 1.19516061e+00, 0.00000000e+00,
       1.01982788e+00, 1.40579152e+00, 6.11009237e+00, 1.19315436e-02,
       4.55132463e-01, 0.00000000e+00, 0.00000000e+00, 1.19179663e+01,
       1.84334753e+00, 2.12274153e+00, 4.42860675e-01, 0.00000000e+00,
       1.00049828e+00, 1.11106068e+00, 2.67114518e-03, 3.91554149e+00,
       0.00000000e+00, 5.32163225e+00, 0.00000000e+00, 1.09933806e+00]), array([0.00000000e+00, 0.00000000e+00, 2.29435255e-03, 0.00000000e+00,
       0.00000000e+00, 1.70086143e-03, 1.01718765e+00, 1.77935237e-03,
       0.00000000e+00, 0.00000000e+00, 1.19516061e+00, 0.00000000e+00,
       1.01982788e+00, 1.40579152e+00, 6.11009237e+00, 1.04388678e-02,
       5.30569228e-01, 0.00000000e+00, 0.00000000e+00, 1.17729117e+01,
       1.84334753e+00, 2.12274153e+00, 5.15943527e-01, 0.00000000e+00,
       1.00049828e+00, 1.11106068e+00, 2.14222803e-03, 3.91554149e+00,
       0.00000000e+00, 5.32163225e+00, 0.00000000e+00, 1.09933806e+00]), array([0.00000000e+00, 0.00000000e+00, 2.06113629e-03, 0.00000000e+00,
       0.00000000e+00, 1.52069628e-03, 1.01718765e+00, 1.59848483e-03,
       0.00000000e+00, 0.00000000e+00, 1.19516061e+00, 0.00000000e+00,
       1.01982788e+00, 1.40579152e+00, 6.11009237e+00, 9.82433910e-03,
       5.61575999e-01, 0.00000000e+00, 0.00000000e+00, 1.17132906e+01,
       1.84334753e+00, 2.12274153e+00, 5.45984422e-01, 0.00000000e+00,
       1.00049828e+00, 1.11106068e+00, 1.92447492e-03, 3.91554149e+00,
       0.00000000e+00, 5.32163225e+00, 0.00000000e+00, 1.09933806e+00]), array([0.00000000e+00, 0.00000000e+00, 1.93393699e-03, 0.00000000e+00,
       0.00000000e+00, 1.42243176e-03, 1.01718765e+00, 1.49983723e-03,
       0.00000000e+00, 0.00000000e+00, 1.19516061e+00, 1.06218201e-04,
       1.01982788e+00, 1.40579152e+00, 6.11009237e+00, 9.80709247e-03,
       5.78487512e-01, 0.00000000e+00, 0.00000000e+00, 1.16804182e+01,
       1.84334753e+00, 2.12274153e+00, 5.62405471e-01, 0.00000000e+00,
       1.00049828e+00, 1.11106068e+00, 1.69949122e-03, 3.91554149e+00,
       0.00000000e+00, 5.32163225e+00, 0.00000000e+00, 1.09933806e+00]), array([0.00000000e+00, 0.00000000e+00, 1.85385199e-03, 0.00000000e+00,
       0.00000000e+00, 1.36056418e-03, 1.01718765e+00, 1.43772845e-03,
       0.00000000e+00, 0.00000000e+00, 1.19516061e+00, 1.73093438e-04,
       1.01982788e+00, 1.40579152e+00, 6.11009237e+00, 9.53718772e-03,
       5.89166678e-01, 0.00000000e+00, 0.00000000e+00, 1.16600082e+01,
       1.84334753e+00, 2.12274153e+00, 5.72684987e-01, 0.00000000e+00,
       1.00049828e+00, 1.11106068e+00, 1.55784094e-03, 3.91554149e+00,
       0.00000000e+00, 5.32163225e+00, 0.00000000e+00, 1.09933806e+00]), array([0.00000000e+00, 0.00000000e+00, 1.79879511e-03, 0.00000000e+00,
       0.00000000e+00, 1.31803142e-03, 1.01718765e+00, 1.39502988e-03,
       0.00000000e+00, 0.00000000e+00, 1.19516061e+00, 1.46045912e-04,
       1.01982788e+00, 1.40579152e+00, 6.11009237e+00, 9.35163344e-03,
       5.96508398e-01, 0.00000000e+00, 0.00000000e+00, 1.16459268e+01,
       1.84334753e+00, 2.12274153e+00, 5.79801919e-01, 0.00000000e+00,
       1.00049828e+00, 1.11106068e+00, 1.53348207e-03, 3.91554149e+00,
       0.00000000e+00, 5.32163225e+00, 0.00000000e+00, 1.09933806e+00]), array([0.00000000e+00, 0.00000000e+00, 1.75861927e-03, 0.00000000e+00,
       0.00000000e+00, 1.28121491e-03, 1.01718765e+00, 1.36387207e-03,
       0.00000000e+00, 0.00000000e+00, 1.19516061e+00, 1.89463379e-04,
       1.01982788e+00, 1.40579152e+00, 6.11009237e+00, 9.22201135e-03,
       6.01865763e-01, 0.00000000e+00, 0.00000000e+00, 1.16356298e+01,
       1.84334753e+00, 2.12274153e+00, 5.85016858e-01, 0.00000000e+00,
       1.00049828e+00, 1.11106068e+00, 1.45255258e-03, 3.91554149e+00,
       0.00000000e+00, 5.32163225e+00, 0.00000000e+00, 1.09933806e+00]), array([0.00000000e+00, 0.00000000e+00, 1.70267861e-03, 0.00000000e+00,
       0.00000000e+00, 1.26671315e-03, 1.01718765e+00, 1.32048809e-03,
       0.00000000e+00, 0.00000000e+00, 1.19516061e+00, 1.64460453e-04,
       1.01982788e+00, 1.40579152e+00, 6.11009237e+00, 8.98449811e-03,
       6.13476923e-01, 0.00000000e+00, 0.00000000e+00, 1.16137981e+01,
       1.84334753e+00, 2.12274153e+00, 5.95640930e-01, 0.00000000e+00,
       1.00049828e+00, 1.11106068e+00, 1.42532393e-03, 3.91554149e+00,
       0.00000000e+00, 5.32163225e+00, 0.00000000e+00, 1.09933806e+00]), array([0.00000000e+00, 0.00000000e+00, 1.63856185e-03, 0.00000000e+00,
       0.00000000e+00, 1.23954057e-03, 1.01718765e+00, 1.27076325e-03,
       0.00000000e+00, 0.00000000e+00, 1.19516061e+00, 1.91239851e-04,
       1.01982788e+00, 1.40579152e+00, 6.11009237e+00, 8.68983070e-03,
       6.28737270e-01, 0.00000000e+00, 0.00000000e+00, 1.15851771e+01,
       1.84334753e+00, 2.12274153e+00, 6.09497163e-01, 0.00000000e+00,
       1.00049828e+00, 1.11106068e+00, 1.33867896e-03, 3.91554149e+00,
       0.00000000e+00, 5.32163225e+00, 0.00000000e+00, 1.09933806e+00]), array([0.00000000e+00, 0.00000000e+00, 1.57115314e-03, 0.00000000e+00,
       0.00000000e+00, 1.18428763e-03, 1.01718765e+00, 1.21848539e-03,
       0.00000000e+00, 0.00000000e+00, 1.19516061e+00, 1.67654807e-04,
       1.01982788e+00, 1.40579152e+00, 6.11009237e+00, 8.49247812e-03,
       6.45912877e-01, 0.00000000e+00, 0.00000000e+00, 1.15529385e+01,
       1.84334753e+00, 2.12274153e+00, 6.24995381e-01, 0.00000000e+00,
       1.00049828e+00, 1.11106068e+00, 1.29932475e-03, 3.91554149e+00,
       0.00000000e+00, 5.32163225e+00, 0.00000000e+00, 1.09933806e+00]), array([0.00000000e+00, 0.00000000e+00, 1.50354429e-03, 0.00000000e+00,
       0.00000000e+00, 1.14802266e-03, 1.01718765e+00, 1.16605232e-03,
       0.00000000e+00, 0.00000000e+00, 1.19516061e+00, 1.47774047e-04,
       1.01982788e+00, 1.40579152e+00, 6.11009237e+00, 8.25608538e-03,
       6.63864033e-01, 0.00000000e+00, 0.00000000e+00, 1.15193158e+01,
       1.84334753e+00, 2.12274153e+00, 6.41122717e-01, 0.00000000e+00,
       1.00049828e+00, 1.11106068e+00, 1.25607940e-03, 3.91554149e+00,
       0.00000000e+00, 5.32163225e+00, 0.00000000e+00, 1.09933806e+00]), array([0.00000000e+00, 0.00000000e+00, 1.43757399e-03, 0.00000000e+00,
       0.00000000e+00, 8.35600424e-03, 1.01718765e+00, 1.11488999e-03,
       0.00000000e+00, 0.00000000e+00, 1.19516061e+00, 1.30951925e-04,
       1.01982788e+00, 1.40579152e+00, 6.11009237e+00, 7.90117880e-03,
       6.81862838e-01, 0.00000000e+00, 0.00000000e+00, 1.14784521e+01,
       1.84334753e+00, 2.12274153e+00, 6.57313295e-01, 0.00000000e+00,
       1.00049828e+00, 1.11106068e+00, 1.21130531e-03, 3.91554149e+00,
       0.00000000e+00, 5.32163225e+00, 0.00000000e+00, 1.09933806e+00]), array([0.00000000e+00, 0.00000000e+00, 1.37428712e-03, 0.00000000e+00,
       0.00000000e+00, 2.78872923e-02, 1.01718765e+00, 1.06580876e-03,
       0.00000000e+00, 0.00000000e+00, 1.19516061e+00, 1.16651502e-04,
       1.01982788e+00, 1.40579152e+00, 6.11009237e+00, 7.55940364e-03,
       6.99505700e-01, 0.00000000e+00, 0.00000000e+00, 1.14259853e+01,
       1.84334753e+00, 2.12274153e+00, 6.73119220e-01, 0.00000000e+00,
       1.00049828e+00, 1.11106068e+00, 1.16651502e-03, 3.91554149e+00,
       0.00000000e+00, 5.32163225e+00, 0.00000000e+00, 1.09933806e+00]), array([0.00000000e+00, 0.00000000e+00, 1.31422212e-03, 0.00000000e+00,
       0.00000000e+00, 5.57312707e-02, 1.01718765e+00, 1.01922621e-03,
       0.00000000e+00, 0.00000000e+00, 1.19516061e+00, 1.04432687e-04,
       1.01982788e+00, 1.40579152e+00, 6.11009237e+00, 7.23406670e-03,
       7.16498871e-01, 0.00000000e+00, 0.00000000e+00, 1.13664153e+01,
       1.84334753e+00, 2.12274153e+00, 6.88340130e-01, 0.00000000e+00,
       1.00049828e+00, 1.11106068e+00, 1.12265138e-03, 3.91554149e+00,
       0.00000000e+00, 5.32163225e+00, 0.00000000e+00, 1.09933806e+00]), array([0.00000000e+00, 0.00000000e+00, 1.25759025e-03, 0.00000000e+00,
       0.00000000e+00, 8.90036714e-02, 1.01718765e+00, 9.75306170e-04,
       0.00000000e+00, 0.00000000e+00, 1.19516061e+00, 9.39365691e-05,
       1.01982788e+00, 1.40579152e+00, 6.11009237e+00, 6.92659759e-03,
       7.32717403e-01, 0.00000000e+00, 0.00000000e+00, 1.13028681e+01,
       1.84334753e+00, 2.12274153e+00, 7.02857278e-01, 0.00000000e+00,
       1.00049828e+00, 1.11106068e+00, 1.08027055e-03, 3.91554149e+00,
       0.00000000e+00, 5.32163225e+00, 0.00000000e+00, 1.09933806e+00])]