1.5988897475762298, 7.068225489368896, 7.649427982243203, 8.278909836017135, 9.052331824221294, 9.759415301334759, 10.33494292923336, 10.793574898080248, 11.166323424237156, 11.521225700957642, 11.86720852606302, 12.177240102038125, 12.45565107643287, 12.707209700132859, 12.936100248057341, 13.152014584149214, 13.394616637526749, X: [ 0.  5. 10. 15. 20. 25. 30. 35. 40. 45. 50. 55. 60. 65. 70. 75. 80.]Y: [1.5988897475762298, 7.068225489368896, 7.649427982243203, 8.278909836017135, 9.052331824221294, 9.759415301334759, 10.33494292923336, 10.793574898080248, 11.166323424237156, 11.521225700957642, 11.86720852606302, 12.177240102038125, 12.45565107643287, 12.707209700132859, 12.936100248057341, 13.152014584149214, 13.394616637526749]BR: [1.5986937023444998, 3.14152275038089, 8.233756287176384, 10.692309876871798, 11.16243430104806, 13.05595894646212, 14.505998196742853, 14.907091461686788, 15.135812741241597, 15.46814220912328, 16.210764681069534, 16.344762198582174, 16.478759716094817, 16.61275723360746, 16.727431087691624, 17.21573009151914, 17.680320359744737]X_A: [array([0., 0., 0., 0., 0., 0., 0., 0., 0., 0., 0., 0., 0., 0., 0., 0., 0.,
       0., 0., 0., 0., 0., 0., 0., 0., 0., 0., 0., 0., 0., 0., 0.]), array([0.00000000e+00, 1.01877580e+00, 0.00000000e+00, 0.00000000e+00,
       0.00000000e+00, 0.00000000e+00, 3.20963892e-04, 0.00000000e+00,
       0.00000000e+00, 0.00000000e+00, 0.00000000e+00, 0.00000000e+00,
       1.42970832e+00, 0.00000000e+00, 0.00000000e+00, 0.00000000e+00,
       2.66295755e-04, 0.00000000e+00, 0.00000000e+00, 0.00000000e+00,
       0.00000000e+00, 0.00000000e+00, 8.73176153e-02, 0.00000000e+00,
       0.00000000e+00, 0.00000000e+00, 0.00000000e+00, 0.00000000e+00,
       1.02178993e+00, 1.31251073e+00, 0.00000000e+00, 0.00000000e+00]), array([0.00000000e+00, 1.03220096e+00, 0.00000000e+00, 0.00000000e+00,
       0.00000000e+00, 0.00000000e+00, 3.25168659e-04, 0.00000000e+00,
       0.00000000e+00, 0.00000000e+00, 0.00000000e+00, 0.00000000e+00,
       1.44843813e+00, 0.00000000e+00, 0.00000000e+00, 0.00000000e+00,
       5.83445726e-01, 0.00000000e+00, 0.00000000e+00, 0.00000000e+00,
       0.00000000e+00, 0.00000000e+00, 1.39792042e-01, 0.00000000e+00,
       0.00000000e+00, 7.80139051e-01, 0.00000000e+00, 0.00000000e+00,
       1.03517582e+00, 2.38222983e+00, 0.00000000e+00, 0.00000000e+00]), array([0.00000000e+00, 1.03675452e+00, 0.00000000e+00, 1.00579120e+00,
       0.00000000e+00, 0.00000000e+00, 3.26594838e-04, 3.14985465e-01,
       0.00000000e+00, 0.00000000e+00, 0.00000000e+00, 0.00000000e+00,
       1.45486493e+00, 0.00000000e+00, 0.00000000e+00, 0.00000000e+00,
       1.10359864e+00, 0.00000000e+00, 0.00000000e+00, 0.00000000e+00,
       0.00000000e+00, 0.00000000e+00, 1.66387907e-01, 0.00000000e+00,
       0.00000000e+00, 1.04474762e+00, 0.00000000e+00, 0.00000000e+00,
       1.03971607e+00, 2.74510775e+00, 0.00000000e+00, 0.00000000e+00]), array([0.00000000e+00, 1.03904632e+00, 0.00000000e+00, 1.51202111e+00,
       0.00000000e+00, 2.07377343e-01, 3.27312628e-04, 1.50558171e+00,
       0.00000000e+00, 0.00000000e+00, 0.00000000e+00, 0.00000000e+00,
       1.45809951e+00, 0.00000000e+00, 0.00000000e+00, 0.00000000e+00,
       1.36538989e+00, 0.00000000e+00, 0.00000000e+00, 4.58334361e-05,
       0.00000000e+00, 0.00000000e+00, 1.81899849e-01, 0.00000000e+00,
       1.25121692e-04, 1.17792424e+00, 0.00000000e+00, 0.00000000e+00,
       1.04200116e+00, 2.92774302e+00, 0.00000000e+00, 0.00000000e+00]), array([0.00000000e+00, 1.04042623e+00, 0.00000000e+00, 1.81682855e+00,
       1.86825796e-01, 4.62308119e-01, 3.27744819e-04, 2.22357367e+00,
       0.00000000e+00, 0.00000000e+00, 0.00000000e+00, 0.00000000e+00,
       1.46004710e+00, 0.00000000e+00, 0.00000000e+00, 0.00000000e+00,
       1.52301772e+00, 0.00000000e+00, 0.00000000e+00, 2.40667903e-01,
       4.17368593e-01, 0.00000000e+00, 2.09935242e-01, 0.00000000e+00,
       2.01338903e-04, 1.25815957e+00, 0.00000000e+00, 0.00000000e+00,
       1.04337704e+00, 3.03771002e+00, 0.00000000e+00, 0.00000000e+00]), array([0.00000000e+00, 1.04134821e+00, 0.00000000e+00, 2.02048110e+00,
       3.23604895e-01, 6.32674016e-01, 3.58595377e-01, 2.70333297e+00,
       0.00000000e+00, 0.00000000e+00, 1.86650596e-01, 1.33044990e-01,
       1.46134835e+00, 0.00000000e+00, 0.00000000e+00, 0.00000000e+00,
       1.62833440e+00, 0.00000000e+00, 0.00000000e+00, 4.01435953e-01,
       7.59932857e-01, 0.00000000e+00, 2.97819050e-01, 0.00000000e+00,
       2.52262297e-04, 1.31176760e+00, 0.00000000e+00, 0.00000000e+00,
       1.04429632e+00, 3.11118284e+00, 6.80569351e-03, 0.00000000e+00]), array([0.00000000e+00, 1.04200775e+00, 0.00000000e+00, 2.16616706e+00,
       4.21459512e-01, 7.54547857e-01, 6.14887587e-01, 3.04653610e+00,
       0.00000000e+00, 0.00000000e+00, 3.20173944e-01, 2.85211493e-01,
       1.46227922e+00, 0.00000000e+00, 0.00000000e+00, 0.00000000e+00,
       1.70367430e+00, 0.00000000e+00, 0.00000000e+00, 5.16443827e-01,
       1.00499142e+00, 0.00000000e+00, 4.09691799e-01, 4.43553452e-01,
       2.88691122e-04, 1.35011693e+00, 0.00000000e+00, 0.00000000e+00,
       1.04495393e+00, 3.16374274e+00, 1.73705626e-01, 0.00000000e+00]), array([0.00000000e+00, 1.04250296e+00, 0.00000000e+00, 2.27555200e+00,
       4.94931390e-01, 8.46054016e-01, 8.07318673e-01, 3.30422224e+00,
       0.00000000e+00, 0.00000000e+00, 4.20426866e-01, 3.99462196e-01,
       1.46297814e+00, 0.00000000e+00, 0.00000000e+00, 0.00000000e+00,
       1.76024152e+00, 0.00000000e+00, 0.00000000e+00, 6.02794833e-01,
       1.18898799e+00, 0.00000000e+00, 4.93688869e-01, 1.39951806e+00,
       3.16042864e-04, 1.37891064e+00, 0.00000000e+00, 0.00000000e+00,
       1.04544769e+00, 3.20320613e+00, 2.99018586e-01, 0.00000000e+00]), array([2.56414527e-01, 1.04293069e+00, 0.00000000e+00, 2.37003302e+00,
       5.58392581e-01, 9.25092280e-01, 9.73530646e-01, 3.52679814e+00,
       0.00000000e+00, 0.00000000e+00, 5.07020131e-01, 4.98146017e-01,
       1.46358183e+00, 0.00000000e+00, 0.00000000e+00, 0.00000000e+00,
       1.80910135e+00, 0.00000000e+00, 1.76683922e-05, 6.77380345e-01,
       1.34792279e+00, 0.00000000e+00, 5.66241173e-01, 2.58340688e+00,
       3.32728093e-04, 1.40378115e+00, 0.00000000e+00, 0.00000000e+00,
       1.04587417e+00, 3.23729255e+00, 4.07279535e-01, 0.00000000e+00]), array([1.04250673e+00, 1.04329743e+00, 0.00000000e+00, 2.45104064e+00,
       6.12803936e-01, 9.92859352e-01, 1.11604008e+00, 3.71763376e+00,
       0.00000000e+00, 3.95406099e-05, 5.81264827e-01, 5.82757106e-01,
       1.46409944e+00, 0.00000000e+00, 0.00000000e+00, 0.00000000e+00,
       1.85099355e+00, 0.00000000e+00, 3.45596646e-02, 7.41329645e-01,
       1.48423038e+00, 0.00000000e+00, 6.28447210e-01, 3.59846813e+00,
       3.41606338e-04, 1.42510501e+00, 0.00000000e+00, 0.00000000e+00,
       1.04623983e+00, 3.26651810e+00, 5.00102013e-01, 0.00000000e+00]), array([1.71453570e+00, 1.04361094e+00, 0.00000000e+00, 2.52029303e+00,
       6.59319506e-01, 1.05079255e+00, 1.23786958e+00, 3.88077670e+00,
       0.00000000e+00, 4.93704991e-01, 6.44735667e-01, 6.55090041e-01,
       1.46454193e+00, 0.00000000e+00, 0.00000000e+00, 0.00000000e+00,
       1.88680666e+00, 0.00000000e+00, 1.54260344e-01, 7.95999082e-01,
       1.60075799e+00, 0.00000000e+00, 6.81626353e-01, 4.46623097e+00,
       3.44876372e-04, 1.44333451e+00, 0.00000000e+00, 0.00000000e+00,
       1.04655244e+00, 3.29150265e+00, 5.79454759e-01, 0.00000000e+00]), array([2.28889070e+00, 1.04387889e+00, 0.00000000e+00, 2.57947940e+00,
       6.99073923e-01, 1.10030502e+00, 1.34199085e+00, 4.02020640e+00,
       0.00000000e+00, 1.48052042e+00, 6.98980863e-01, 7.16909206e-01,
       1.46492010e+00, 0.00000000e+00, 0.00000000e+00, 0.00000000e+00,
       1.91741425e+00, 0.00000000e+00, 2.56562235e-01, 8.42722182e-01,
       1.70034802e+00, 0.00000000e+00, 7.27075777e-01, 5.20786235e+00,
       3.44192203e-04, 1.45891431e+00, 0.00000000e+00, 0.00000000e+00,
       1.04681960e+00, 3.31285564e+00, 6.47273388e-01, 0.00000000e+00]), array([2.78061830e+00, 1.04410829e+00, 0.00000000e+00, 2.63015056e+00,
       7.33108821e-01, 1.14269407e+00, 1.43113206e+00, 4.13957617e+00,
       0.00000000e+00, 2.87059522e+00, 7.45421733e-01, 7.69834367e-01,
       1.46524387e+00, 0.00000000e+00, 0.00000000e+00, 0.00000000e+00,
       1.94361828e+00, 0.00000000e+00, 3.44145821e-01, 8.82723169e-01,
       1.78560991e+00, 0.00000000e+00, 7.65986334e-01, 5.84279426e+00,
       3.40765151e-04, 1.47225263e+00, 0.00000000e+00, 0.00000000e+00,
       1.04704833e+00, 3.33113654e+00, 7.05334863e-01, 0.00000000e+00]), array([3.20283801e+00, 1.04430526e+00, 0.00000000e+00, 2.67365863e+00,
       7.62332402e-01, 1.17909082e+00, 1.50767190e+00, 4.24207133e+00,
       0.00000000e+00, 4.58959636e+00, 7.85297526e-01, 8.15277805e-01,
       1.46552187e+00, 0.00000000e+00, 0.00000000e+00, 0.00000000e+00,
       1.96611800e+00, 0.00000000e+00, 4.19348222e-01, 9.17069448e-01,
       1.85881881e+00, 0.00000000e+00, 7.99396330e-01, 6.38796952e+00,
       3.35475384e-04, 1.48370538e+00, 5.07336793e-06, 0.00000000e+00,
       1.04724472e+00, 3.34683318e+00, 7.55188523e-01, 1.90608438e-05]), array([3.56670246e+00, 1.04447500e+00, 0.00000000e+00, 2.71115301e+00,
       7.87516697e-01, 1.21045680e+00, 1.57363239e+00, 4.33039960e+00,
       8.45230624e-02, 6.15539645e+00, 8.19661682e-01, 8.54440045e-01,
       1.46576144e+00, 0.00000000e+00, 0.00000000e+00, 0.00000000e+00,
       1.98550781e+00, 0.00000000e+00, 4.84156138e-01, 9.46668380e-01,
       1.92190878e+00, 0.00000000e+00, 8.28188393e-01, 6.85779059e+00,
       3.37398742e-01, 1.49357513e+00, 2.43182759e-05, 0.00000000e+00,
       1.04741397e+00, 3.36036023e+00, 7.98151404e-01, 3.42637116e-05]), array([3.88157855e+00, 1.04462189e+00, 0.00000000e+00, 2.74359904e+00,
       8.09310107e-01, 1.23759959e+00, 1.63071177e+00, 4.40683510e+00,
       6.44831550e-01, 7.51037283e+00, 8.49398952e-01, 8.88329371e-01,
       1.46596876e+00, 0.00000000e+00, 1.42043854e-05, 0.00000000e+00,
       2.00228692e+00, 0.00000000e+00, 5.40238134e-01, 9.72282029e-01,
       1.97650413e+00, 0.00000000e+00, 8.53103811e-01, 7.26435364e+00,
       6.29078866e-01, 1.50211599e+00, 3.97819569e-05, 0.00000000e+00,
       1.04756042e+00, 3.37206596e+00, 8.35329643e-01, 4.63877765e-05])]X_B: [array([1.86176341e+00, 3.94337513e+00, 0.00000000e+00, 0.00000000e+00,
       3.36947872e+00, 1.78329652e+00, 1.01718765e+00, 2.54398861e+00,
       1.23654188e+01, 0.00000000e+00, 0.00000000e+00, 0.00000000e+00,
       1.01982788e+00, 1.40579152e+00, 0.00000000e+00, 0.00000000e+00,
       1.11958436e+00, 0.00000000e+00, 0.00000000e+00, 0.00000000e+00,
       1.84334753e+00, 2.12274153e+00, 6.02189893e-03, 0.00000000e+00,
       1.00049828e+00, 1.11106068e+00, 0.00000000e+00, 0.00000000e+00,
       1.94438358e+00, 0.00000000e+00, 1.54223389e+00, 0.00000000e+00]), array([1.86176341e+00, 3.94337513e+00, 0.00000000e+00, 0.00000000e+00,
       4.35161926e-01, 1.78329652e+00, 1.01718765e+00, 2.54398861e+00,
       9.87485924e+00, 1.85134806e-04, 0.00000000e+00, 0.00000000e+00,
       1.01982788e+00, 1.40579152e+00, 0.00000000e+00, 0.00000000e+00,
       1.11958436e+00, 0.00000000e+00, 0.00000000e+00, 0.00000000e+00,
       1.84334753e+00, 2.12274153e+00, 9.92367413e-01, 0.00000000e+00,
       1.00049828e+00, 1.11106068e+00, 0.00000000e+00, 0.00000000e+00,
       1.94438358e+00, 4.43834573e+00, 1.54223389e+00, 0.00000000e+00]), array([1.86176341e+00, 3.94337513e+00, 0.00000000e+00, 0.00000000e+00,
       3.96239046e-01, 1.78329652e+00, 1.01718765e+00, 2.54398861e+00,
       9.84280765e+00, 9.37800764e-05, 0.00000000e+00, 0.00000000e+00,
       1.01982788e+00, 1.40579152e+00, 0.00000000e+00, 0.00000000e+00,
       1.11958436e+00, 0.00000000e+00, 0.00000000e+00, 0.00000000e+00,
       1.84334753e+00, 2.12274153e+00, 1.00528897e+00, 0.00000000e+00,
       1.00049828e+00, 1.11106068e+00, 0.00000000e+00, 0.00000000e+00,
       1.94438358e+00, 4.49649000e+00, 1.54223389e+00, 0.00000000e+00]), array([1.86176341e+00, 3.94337513e+00, 0.00000000e+00, 0.00000000e+00,
       3.83089957e-01, 1.78329652e+00, 1.01718765e+00, 2.54398861e+00,
       9.83193635e+00, 6.27942617e-05, 0.00000000e+00, 0.00000000e+00,
       1.01982788e+00, 1.40579152e+00, 0.00000000e+00, 0.00000000e+00,
       1.11958436e+00, 0.00000000e+00, 0.00000000e+00, 0.00000000e+00,
       1.84334753e+00, 2.12274153e+00, 1.00961890e+00, 0.00000000e+00,
       1.00049828e+00, 1.11106068e+00, 0.00000000e+00, 0.00000000e+00,
       1.94438358e+00, 4.51621145e+00, 1.54223389e+00, 0.00000000e+00]), array([1.86176341e+00, 3.94337513e+00, 0.00000000e+00, 0.00000000e+00,
       3.76432359e-01, 1.78329652e+00, 1.01718765e+00, 2.54398861e+00,
       9.82646486e+00, 4.71992033e-05, 0.00000000e+00, 0.00000000e+00,
       1.01982788e+00, 1.40579152e+00, 0.00000000e+00, 0.00000000e+00,
       1.11958436e+00, 0.00000000e+00, 0.00000000e+00, 0.00000000e+00,
       1.84334753e+00, 2.12274153e+00, 1.01183784e+00, 0.00000000e+00,
       1.00049828e+00, 1.11106068e+00, 0.00000000e+00, 0.00000000e+00,
       1.94438358e+00, 4.52613719e+00, 1.54223389e+00, 0.00000000e+00]), array([1.86176341e+00, 3.94337513e+00, 0.00000000e+00, 0.00000000e+00,
       3.72455540e-01, 1.78329652e+00, 1.01718765e+00, 2.54398861e+00,
       9.82317041e+00, 3.78092210e-05, 0.00000000e+00, 0.00000000e+00,
       1.01982788e+00, 1.40579152e+00, 0.00000000e+00, 0.00000000e+00,
       1.11958436e+00, 0.00000000e+00, 0.00000000e+00, 0.00000000e+00,
       1.84334753e+00, 2.12274153e+00, 1.01314209e+00, 0.00000000e+00,
       1.00049828e+00, 1.11106068e+00, 0.00000000e+00, 0.00000000e+00,
       1.94438358e+00, 4.53211360e+00, 1.54223389e+00, 0.00000000e+00]), array([1.86176341e+00, 3.94337513e+00, 0.00000000e+00, 0.00000000e+00,
       3.69740425e-01, 1.78329652e+00, 1.01718765e+00, 2.54398861e+00,
       9.82096927e+00, 6.30708884e-05, 0.00000000e+00, 0.00000000e+00,
       1.01982788e+00, 1.40579152e+00, 0.00000000e+00, 0.00000000e+00,
       1.11958436e+00, 0.00000000e+00, 0.00000000e+00, 0.00000000e+00,
       1.84334753e+00, 2.12274153e+00, 1.01404003e+00, 0.00000000e+00,
       1.00049828e+00, 1.11106068e+00, 0.00000000e+00, 0.00000000e+00,
       1.94438358e+00, 4.53610665e+00, 1.54223389e+00, 0.00000000e+00]), array([1.86176341e+00, 3.94337513e+00, 0.00000000e+00, 0.00000000e+00,
       3.67968497e-01, 1.78329652e+00, 1.01718765e+00, 2.54398861e+00,
       9.81920582e+00, 5.40948048e-05, 0.00000000e+00, 0.00000000e+00,
       1.01982788e+00, 1.40579152e+00, 0.00000000e+00, 0.00000000e+00,
       1.11958436e+00, 0.00000000e+00, 0.00000000e+00, 0.00000000e+00,
       1.84334753e+00, 2.12274153e+00, 1.01472789e+00, 0.00000000e+00,
       1.00049828e+00, 1.11106068e+00, 0.00000000e+00, 0.00000000e+00,
       1.94438358e+00, 4.53896314e+00, 1.54223389e+00, 0.00000000e+00]), array([1.86176341e+00, 3.94337513e+00, 0.00000000e+00, 0.00000000e+00,
       3.66469022e-01, 1.78329652e+00, 1.01718765e+00, 2.54398861e+00,
       9.81804708e+00, 7.10329796e-05, 0.00000000e+00, 0.00000000e+00,
       1.01982788e+00, 1.40579152e+00, 0.00000000e+00, 0.00000000e+00,
       1.11958436e+00, 0.00000000e+00, 0.00000000e+00, 0.00000000e+00,
       1.84334753e+00, 2.12274153e+00, 1.01522444e+00, 0.00000000e+00,
       1.00049828e+00, 1.11106068e+00, 0.00000000e+00, 0.00000000e+00,
       1.94438358e+00, 4.54110787e+00, 1.54223389e+00, 0.00000000e+00]), array([1.86176341e+00, 3.94337513e+00, 0.00000000e+00, 0.00000000e+00,
       3.60331139e-01, 1.78329652e+00, 1.01718765e+00, 2.54398861e+00,
       9.81105958e+00, 8.30682056e-05, 0.00000000e+00, 0.00000000e+00,
       1.01982788e+00, 1.40579152e+00, 0.00000000e+00, 0.00000000e+00,
       1.11958436e+00, 0.00000000e+00, 0.00000000e+00, 0.00000000e+00,
       1.84334753e+00, 2.12274153e+00, 1.01603317e+00, 0.00000000e+00,
       1.00049828e+00, 1.11106068e+00, 0.00000000e+00, 0.00000000e+00,
       1.94438358e+00, 4.55341249e+00, 1.54223389e+00, 0.00000000e+00]), array([1.86176341e+00, 3.94337513e+00, 0.00000000e+00, 0.00000000e+00,
       3.51283961e-01, 1.78329652e+00, 1.01718765e+00, 2.54398861e+00,
       9.80038638e+00, 7.30860322e-05, 0.00000000e+00, 0.00000000e+00,
       1.01982788e+00, 1.40579152e+00, 0.00000000e+00, 0.00000000e+00,
       1.11958436e+00, 0.00000000e+00, 0.00000000e+00, 0.00000000e+00,
       1.84334753e+00, 2.12274153e+00, 1.01703902e+00, 0.00000000e+00,
       1.00049828e+00, 1.11106068e+00, 0.00000000e+00, 0.00000000e+00,
       1.94438358e+00, 4.57213700e+00, 1.54223389e+00, 0.00000000e+00]), array([1.86176341e+00, 3.94337513e+00, 0.00000000e+00, 0.00000000e+00,
       3.40521313e-01, 1.78329652e+00, 1.01718765e+00, 2.54398861e+00,
       9.78753544e+00, 6.45524002e-05, 0.00000000e+00, 0.00000000e+00,
       1.01982788e+00, 1.40579152e+00, 0.00000000e+00, 0.00000000e+00,
       1.11958436e+00, 0.00000000e+00, 0.00000000e+00, 0.00000000e+00,
       1.84334753e+00, 2.12274153e+00, 1.01814759e+00, 0.00000000e+00,
       1.00049828e+00, 1.11106068e+00, 0.00000000e+00, 0.00000000e+00,
       1.94438358e+00, 4.59465055e+00, 1.54223389e+00, 0.00000000e+00]), array([1.86176341e+00, 3.94337513e+00, 0.00000000e+00, 0.00000000e+00,
       3.28872207e-01, 1.78329652e+00, 1.01718765e+00, 2.54398861e+00,
       9.77355133e+00, 5.72591526e-05, 0.00000000e+00, 0.00000000e+00,
       1.01982788e+00, 1.40579152e+00, 0.00000000e+00, 0.00000000e+00,
       1.11958436e+00, 0.00000000e+00, 0.00000000e+00, 0.00000000e+00,
       1.84334753e+00, 2.12274153e+00, 1.01930733e+00, 0.00000000e+00,
       1.00049828e+00, 1.11106068e+00, 0.00000000e+00, 0.00000000e+00,
       1.94438358e+00, 4.61913132e+00, 1.54223389e+00, 0.00000000e+00]), array([1.86176341e+00, 3.94337513e+00, 0.00000000e+00, 0.00000000e+00,
       3.16918863e-01, 1.78329652e+00, 1.01718765e+00, 2.54398861e+00,
       9.75912806e+00, 5.10151939e-05, 0.00000000e+00, 0.00000000e+00,
       1.01982788e+00, 1.40579152e+00, 0.00000000e+00, 0.00000000e+00,
       1.11958436e+00, 0.00000000e+00, 0.00000000e+00, 0.00000000e+00,
       1.84334753e+00, 2.12274153e+00, 1.02045216e+00, 0.00000000e+00,
       1.00049828e+00, 1.11106068e+00, 0.00000000e+00, 0.00000000e+00,
       1.94438358e+00, 4.64436935e+00, 1.54223389e+00, 0.00000000e+00]), array([1.86176341e+00, 3.94337513e+00, 0.00000000e+00, 0.00000000e+00,
       3.05009863e-01, 1.78329652e+00, 1.01718765e+00, 2.54398861e+00,
       9.74471891e+00, 4.56539076e-05, 0.00000000e+00, 0.00000000e+00,
       1.01982788e+00, 1.40579152e+00, 0.00000000e+00, 0.00000000e+00,
       1.11958436e+00, 0.00000000e+00, 0.00000000e+00, 0.00000000e+00,
       1.84334753e+00, 2.12274153e+00, 1.02157027e+00, 0.00000000e+00,
       1.00049828e+00, 1.11106068e+00, 0.00000000e+00, 0.00000000e+00,
       1.94438358e+00, 4.66957475e+00, 1.54223389e+00, 0.00000000e+00]), array([1.86176341e+00, 3.94337513e+00, 0.00000000e+00, 0.00000000e+00,
       2.93363367e-01, 1.78329652e+00, 1.01718765e+00, 2.54398861e+00,
       9.73061147e+00, 5.12920737e-05, 0.00000000e+00, 0.00000000e+00,
       1.01982788e+00, 1.40579152e+00, 0.00000000e+00, 0.00000000e+00,
       1.11958436e+00, 0.00000000e+00, 0.00000000e+00, 0.00000000e+00,
       1.84334753e+00, 2.12274153e+00, 1.02264660e+00, 0.00000000e+00,
       1.00049828e+00, 1.11106068e+00, 0.00000000e+00, 0.00000000e+00,
       1.94438358e+00, 4.69424671e+00, 1.54223389e+00, 0.00000000e+00]), array([1.86176341e+00, 3.94337513e+00, 0.00000000e+00, 0.00000000e+00,
       2.82127313e-01, 1.78329652e+00, 1.01718765e+00, 2.54398861e+00,
       9.71697814e+00, 5.55532402e-05, 0.00000000e+00, 0.00000000e+00,
       1.01982788e+00, 1.40579152e+00, 0.00000000e+00, 0.00000000e+00,
       1.11958436e+00, 0.00000000e+00, 0.00000000e+00, 0.00000000e+00,
       1.84334753e+00, 2.12274153e+00, 1.02367313e+00, 0.00000000e+00,
       1.00049828e+00, 1.11106068e+00, 0.00000000e+00, 0.00000000e+00,
       1.94438358e+00, 4.71808531e+00, 1.54223389e+00, 0.00000000e+00])]